0 1
0 2
0 4
0 5
0 6
0 7
0 8
0 9
0 10
0 12
0 13
0 15
0 16
0 23
0 28
0 29
0 33
0 36
0 37
0 42
0 43
0 48
0 53
0 60
0 68
0 69
0 75
0 77
0 81
0 83
0 87
0 100
0 115
0 117
0 118
0 121
0 122
0 137
0 140
0 142
0 144
0 152
0 156
0 175
0 176
0 179
0 181
0 201
0 202
0 203
0 205
0 213
0 230
0 234
0 237
0 240
0 250
0 259
0 272
0 276
0 280
0 283
0 285
0 287
0 291
0 292
0 298
0 310
0 315
0 319
0 321
0 324
0 326
0 327
0 329
0 330
0 337
0 348
0 354
0 357
0 361
0 364
0 376
0 378
0 379
0 385
0 386
0 400
0 403
0 410
0 411
0 412
0 414
0 416
0 418
0 421
0 422
0 434
0 438
0 440
0 446
0 449
0 451
0 469
0 474
0 475
0 476
0 484
0 485
0 486
0 488
0 495
0 500
0 504
0 505
0 528
0 535
0 536
0 544
0 549
0 551
0 557
0 564
0 565
0 576
0 578
0 579
0 582
0 584
0 596
0 597
0 602
0 606
0 607
0 623
0 624
0 634
0 635
0 636
0 637
0 638
0 641
0 645
0 646
0 653
0 656
0 668
0 669
0 674
0 676
0 677
0 683
0 686
0 689
0 694
0 698
0 704
0 705
0 707
0 708
0 709
0 714
0 716
0 725
0 732
0 734
0 736
0 739
0 742
0 748
0 770
0 775
0 777
0 784
0 787
0 791
0 798
0 801
0 810
0 813
0 820
0 821
0 828
0 835
0 836
0 846
0 858
0 863
0 873
0 883
0 886
0 902
0 905
0 917
0 918
0 921
0 928
0 931
0 935
0 936
0 937
0 938
0 942
0 944
0 949
0 950
0 964
0 965
0 977
0 985
0 987
0 994
0 995
0 999
0 1002
0 1007
0 1017
0 1020
0 1021
0 1026
0 1027
0 1028
0 1033
0 1037
0 1040
0 1041
0 1046
0 1047
0 1050
0 1052
0 1054
0 1056
1 62
4 16
4 42
4 51
4 144
4 179
4 378
4 421
4 641
4 686
4 858
4 902
4 928
5 58
5 60
5 121
5 129
5 142
5 169
5 175
5 212
5 224
5 262
5 310
5 362
5 390
5 412
5 704
7 15
7 28
7 69
7 80
7 203
7 484
7 753
7 772
7 994
7 1016
7 1047
9 5
9 10
9 11
9 12
9 13
9 14
9 16
9 17
9 18
9 19
9 20
9 21
9 24
9 28
9 29
9 30
9 31
9 34
9 39
9 40
9 42
9 45
9 52
9 53
9 55
9 57
9 58
9 59
9 60
9 63
9 75
9 80
9 81
9 87
9 88
9 95
9 100
9 104
9 106
9 111
9 115
9 116
9 117
9 118
9 121
9 123
9 124
9 125
9 126
9 129
9 133
9 142
9 145
9 151
9 155
9 156
9 157
9 165
9 169
9 172
9 175
9 176
9 179
9 185
9 193
9 200
9 201
9 203
9 205
9 219
9 222
9 224
9 234
9 241
9 243
9 248
9 259
9 262
9 265
9 266
9 269
9 270
9 273
9 276
9 278
9 280
9 287
9 290
9 291
9 292
9 300
9 304
9 310
9 319
9 323
9 328
9 337
9 338
9 339
9 342
9 344
9 352
9 356
9 357
9 361
9 362
9 372
9 373
9 378
9 379
9 382
9 383
9 388
9 406
9 412
9 413
9 418
9 422
9 434
9 438
9 446
9 469
9 473
9 474
9 475
9 488
9 508
9 510
9 511
9 512
9 520
9 528
9 532
9 535
9 544
9 546
9 551
9 558
9 563
9 568
9 576
9 596
9 597
9 598
9 601
9 604
9 607
9 616
9 619
9 624
9 630
9 642
9 656
9 689
9 691
9 697
9 707
9 708
9 712
9 716
9 720
9 725
9 727
9 734
9 736
9 742
9 750
9 783
9 788
9 791
9 794
9 798
9 810
9 821
9 836
9 871
9 872
9 879
9 883
9 902
9 912
9 913
9 918
9 922
9 931
9 934
9 937
9 938
9 944
9 945
9 949
9 955
9 995
9 1000
9 1010
9 1017
9 1019
9 1020
9 1037
9 1039
9 1046
9 1050
9 1052
9 1053
9 1054
9 1056
10 5
10 16
10 18
10 19
10 24
10 28
10 29
10 31
10 32
10 34
10 39
10 42
10 45
10 49
10 52
10 53
10 57
10 58
10 59
10 60
10 63
10 75
10 80
10 87
10 88
10 111
10 115
10 116
10 117
10 118
10 121
10 123
10 124
10 125
10 133
10 136
10 137
10 149
10 155
10 157
10 161
10 165
10 169
10 175
10 176
10 179
10 185
10 188
10 200
10 205
10 209
10 213
10 234
10 243
10 259
10 269
10 280
10 308
10 319
10 337
10 338
10 339
10 344
10 361
10 372
10 378
10 382
10 385
10 412
10 469
10 475
10 476
10 487
10 532
10 535
10 563
10 597
10 598
10 640
10 664
10 716
10 733
10 750
10 780
10 791
10 821
10 836
10 872
10 938
10 944
10 1019
10 1039
10 1046
10 1050
10 1054
10 1056
12 834
14 230
14 517
15 499
16 41
16 51
16 69
16 78
16 106
16 166
16 179
16 196
16 203
16 215
16 279
16 348
16 448
16 533
16 691
16 692
16 782
16 896
16 946
16 1031
17 13
17 29
17 112
17 237
17 440
18 58
19 497
19 538
20 22
20 26
20 27
20 35
20 38
20 39
20 42
20 44
20 51
20 53
20 56
20 57
20 61
20 62
20 69
20 73
20 74
20 76
20 80
20 83
20 86
20 87
20 98
20 106
20 107
20 111
20 117
20 120
20 126
20 127
20 137
20 142
20 153
20 154
20 155
20 162
20 173
20 179
20 181
20 187
20 190
20 192
20 207
20 211
20 212
20 215
20 223
20 233
20 238
20 247
20 255
20 258
20 260
20 262
20 265
20 269
20 279
20 283
20 284
20 297
20 301
20 302
20 307
20 308
20 310
20 312
20 320
20 321
20 325
20 332
20 349
20 358
20 370
20 378
20 384
20 388
20 393
20 399
20 401
20 412
20 413
20 417
20 418
20 424
20 430
20 442
20 443
20 444
20 466
20 470
20 474
20 477
20 478
20 496
20 497
20 507
20 517
20 521
20 529
20 532
20 539
20 541
20 545
20 545
20 552
20 554
20 573
20 575
20 581
20 585
20 589
20 591
20 593
20 594
20 608
20 611
20 612
20 613
20 620
20 622
20 628
20 631
20 646
20 652
20 655
20 659
20 682
20 691
20 696
20 699
20 726
20 736
20 742
20 757
20 759
20 760
20 762
20 764
20 767
20 785
20 787
20 792
20 793
20 807
20 814
20 827
20 852
20 874
20 876
20 878
20 880
20 882
20 888
20 918
20 923
20 927
20 936
20 975
20 978
20 1000
20 1001
21 39
21 80
21 121
22 38
22 39
22 53
22 56
22 57
22 61
22 62
22 73
22 74
22 80
22 83
22 87
22 117
22 121
22 127
22 137
22 142
22 153
22 154
22 155
22 165
22 166
22 173
22 179
22 180
22 181
22 187
22 211
22 212
22 215
22 220
22 229
22 233
22 238
22 255
22 260
22 265
22 279
22 284
22 297
22 301
22 302
22 308
22 310
22 321
22 325
22 332
22 343
22 349
22 358
22 378
22 393
22 399
22 401
22 412
22 418
22 429
22 497
22 507
22 521
22 523
22 529
22 532
22 539
22 541
22 573
22 575
22 594
22 600
22 608
22 622
22 631
22 646
22 652
22 691
22 696
22 699
22 726
22 759
22 760
22 764
22 792
22 807
22 814
22 842
22 852
22 874
22 876
22 878
22 882
22 913
22 918
22 923
22 927
22 936
22 1000
22 1001
22 1008
22 1013
22 1031
25 42
25 46
25 72
25 105
25 174
25 226
25 235
25 336
25 615
25 693
25 833
26 150
26 247
26 532
27 889
28 68
28 69
28 144
28 181
28 310
28 399
28 538
28 820
28 821
28 1020
29 117
29 125
29 142
29 155
29 171
29 179
29 208
29 253
29 262
29 288
29 292
29 298
29 319
29 338
29 344
29 389
29 452
29 469
29 516
29 624
29 733
31 681
33 25
33 41
33 46
33 50
33 51
33 54
33 66
33 67
33 71
33 72
33 79
33 81
33 93
33 105
33 109
33 112
33 140
33 146
33 147
33 148
33 174
33 177
33 199
33 235
33 239
33 242
33 272
33 282
33 333
33 334
33 351
33 365
33 377
33 387
33 412
33 460
33 462
33 521
33 541
33 560
33 580
33 615
33 648
33 685
33 693
33 703
33 717
33 771
33 776
33 802
33 832
33 838
33 840
33 843
33 848
33 865
33 881
33 884
33 887
33 904
33 909
33 910
33 961
33 980
33 982
33 1006
33 1012
33 1025
33 1058
36 51
36 421
36 919
38 42
38 53
38 86
38 211
38 223
38 255
38 310
38 312
38 443
38 460
38 473
38 517
38 523
38 648
38 655
38 753
38 1010
40 70
40 87
40 88
40 89
40 90
40 91
40 119
40 121
40 125
40 128
40 129
40 130
40 131
40 134
40 135
40 137
40 155
40 157
40 159
40 160
40 195
40 206
40 210
40 212
40 232
40 261
40 264
40 269
40 271
40 300
40 305
40 371
40 378
40 429
40 433
40 434
40 469
40 476
40 479
40 487
40 520
40 536
40 558
40 564
40 573
40 666
40 670
40 716
40 721
40 756
40 799
40 823
40 826
40 895
40 973
40 979
40 991
40 1018
40 1022
40 1043
40 1056
40 1057
41 62
42 62
42 78
42 85
42 93
42 101
42 102
42 181
42 182
42 194
42 227
42 245
42 249
42 285
42 294
42 306
42 310
42 359
42 381
42 425
42 436
42 445
42 469
42 474
42 502
42 530
42 542
42 567
42 569
42 600
42 639
42 699
42 702
42 812
42 825
42 860
42 868
42 960
42 1004
45 138
46 66
46 235
46 334
46 412
46 460
46 615
48 108
48 682
50 67
50 82
50 199
50 385
50 469
50 781
51 179
51 310
51 469
51 497
51 507
51 622
51 771
51 807
51 855
51 876
51 882
51 1031
52 70
52 135
53 96
53 199
53 255
53 545
53 611
54 64
54 702
56 83
56 150
56 155
56 164
56 179
56 181
56 247
56 258
56 260
56 332
56 409
56 470
56 507
56 532
56 622
56 652
56 696
56 764
56 923
56 951
56 978
56 998
56 1001
57 61
57 65
57 80
57 83
57 87
57 94
57 103
57 137
57 153
57 154
57 157
57 164
57 166
57 173
57 179
57 181
57 183
57 184
57 187
57 198
57 212
57 215
57 217
57 225
57 229
57 231
57 233
57 246
57 247
57 262
57 281
57 286
57 296
57 299
57 301
57 302
57 303
57 321
57 332
57 345
57 369
57 384
57 393
57 399
57 415
57 426
57 427
57 429
57 430
57 435
57 439
57 448
57 450
57 466
57 473
57 482
57 497
57 510
57 521
57 523
57 524
57 525
57 532
57 534
57 537
57 538
57 540
57 541
57 543
57 555
57 561
57 573
57 581
57 583
57 585
57 590
57 629
57 631
57 633
57 643
57 647
57 649
57 667
57 687
57 691
57 692
57 696
57 733
57 741
57 749
57 757
57 761
57 764
57 793
57 799
57 804
57 807
57 810
57 815
57 827
57 834
57 839
57 841
57 842
57 847
57 859
57 864
57 869
57 870
57 877
57 885
57 897
57 908
57 918
57 919
57 921
57 954
57 969
57 974
57 989
57 992
57 1000
57 1013
57 1031
58 60
58 80
58 87
58 94
58 113
58 117
58 118
58 121
58 125
58 132
58 136
58 137
58 144
58 153
58 155
58 156
58 157
58 159
58 175
58 179
58 180
58 185
58 191
58 216
58 240
58 262
58 269
58 271
58 280
58 304
58 319
58 329
58 339
58 375
58 377
58 378
58 385
58 389
58 390
58 412
58 428
58 429
58 433
58 434
58 469
58 475
58 487
58 505
58 514
58 519
58 535
58 588
58 597
58 598
58 621
58 716
58 722
58 724
58 732
58 747
58 752
58 753
58 758
58 875
58 905
58 940
58 951
58 1017
58 1019
58 1053
58 1054
59 60
59 113
59 128
59 129
59 137
59 149
59 155
59 168
59 206
59 212
59 214
59 255
59 262
59 266
59 310
59 362
59 409
59 412
59 480
59 487
59 871
60 61
60 87
60 113
60 118
60 121
60 128
60 137
60 153
60 156
60 159
60 201
60 216
60 224
60 283
60 310
60 319
60 362
60 371
60 383
60 409
60 428
60 429
60 434
60 465
60 469
60 480
60 528
60 597
60 716
60 720
60 753
60 799
60 836
60 951
61 87
61 153
61 154
61 173
61 181
61 211
61 215
61 255
61 266
61 279
61 332
61 349
61 373
61 393
61 409
61 424
61 438
61 443
61 454
61 480
61 497
61 518
61 629
61 631
61 649
61 656
61 661
61 700
61 741
61 772
61 807
61 923
63 137
64 98
64 310
64 356
66 235
66 615
66 840
68 103
68 780
69 93
69 94
69 179
70 89
70 91
70 135
70 444
70 666
71 93
71 94
71 98
71 109
71 138
71 139
71 143
71 148
71 182
71 221
71 279
71 310
71 454
71 469
71 483
71 518
71 533
71 603
71 771
72 93
72 109
72 174
72 213
72 233
72 235
72 236
72 253
72 310
72 320
72 356
72 409
72 443
72 460
72 469
72 480
72 584
72 661
73 93
73 94
73 120
73 139
73 173
73 181
73 220
73 221
73 247
73 260
73 279
73 301
73 308
73 310
73 321
73 325
73 358
73 369
73 401
73 409
73 466
73 480
73 497
73 600
73 644
73 691
73 716
73 741
73 807
74 93
74 179
74 220
74 238
74 281
74 532
74 664
74 726
74 733
74 771
74 805
74 882
74 888
74 923
74 1000
74 1001
75 93
75 139
75 182
75 252
75 310
75 356
75 397
75 469
75 530
75 771
76 98
76 110
76 170
76 201
76 310
76 888
79 93
79 179
80 153
80 154
80 180
80 181
80 223
80 412
80 656
80 812
80 825
80 998
81 387
81 412
81 463
82 519
82 656
82 734
82 752
83 117
83 137
83 142
83 150
83 153
83 155
83 162
83 167
83 171
83 179
83 181
83 183
83 204
83 206
83 215
83 220
83 228
83 247
83 259
83 262
83 280
83 302
83 318
83 326
83 339
83 345
83 346
83 350
83 355
83 357
83 371
83 376
83 379
83 393
83 414
83 427
83 430
83 450
83 469
83 472
83 474
83 487
83 503
83 505
83 510
83 524
83 525
83 532
83 565
83 573
83 597
83 600
83 604
83 608
83 612
83 629
83 631
83 649
83 652
83 659
83 691
83 696
83 706
83 723
83 730
83 733
83 736
83 741
83 742
83 757
83 764
83 768
83 772
83 793
83 795
83 807
83 809
83 811
83 820
83 827
83 854
83 862
83 870
83 878
83 882
83 893
83 896
83 897
83 905
83 919
83 920
83 925
83 927
83 936
83 978
83 979
83 984
83 989
83 992
83 1000
83 1019
83 1031
83 1056
85 181
86 220
86 253
89 135
90 187
90 220
90 310
90 340
90 394
90 509
90 587
90 627
90 756
91 130
91 135
91 232
91 666
91 973
91 1022
94 306
94 310
94 502
97 98
97 168
97 310
97 362
98 168
98 222
98 310
98 356
98 359
99 138
99 224
99 309
99 310
100 171
100 241
100 315
100 337
100 338
100 344
100 354
100 370
100 389
100 469
100 727
100 746
100 1052
102 181
103 173
103 215
103 413
103 796
105 174
105 393
105 589
109 138
109 279
109 298
109 469
110 180
110 413
113 98
113 201
113 216
113 224
113 310
113 361
115 798
117 142
117 179
117 185
117 469
117 544
118 168
118 201
118 224
118 319
118 361
118 362
118 379
119 135
120 173
120 201
120 223
120 229
120 262
120 265
120 308
120 310
120 346
120 466
120 624
120 691
120 757
120 793
121 137
121 157
121 433
121 619
121 700
121 784
123 154
123 181
123 187
123 190
123 211
123 239
123 269
123 356
123 406
123 409
123 412
123 541
123 584
123 608
123 793
123 807
123 812
123 820
123 825
123 960
123 1000
125 171
125 201
125 208
125 220
125 229
125 240
125 241
125 269
125 280
125 298
125 310
125 339
125 342
125 361
125 362
125 378
125 434
125 440
125 462
125 469
125 487
125 597
125 598
125 624
125 628
125 630
125 716
125 721
125 821
125 979
125 1019
126 201
126 301
126 308
126 310
126 393
126 413
126 466
126 497
127 179
127 190
127 211
127 223
127 247
127 284
127 310
127 356
127 532
127 533
127 652
127 691
127 786
128 300
128 310
128 524
128 869
128 918
129 210
129 247
129 262
129 269
129 296
129 413
129 469
129 501
129 535
129 1018
129 1057
131 666
131 973
132 139
132 177
132 239
135 210
135 385
135 444
135 670
137 584
138 139
138 221
138 310
138 533
139 221
139 309
139 310
139 357
139 533
139 653
140 237
140 272
140 477
142 173
142 179
142 204
142 206
142 215
142 262
142 271
142 314
142 326
142 361
142 370
142 376
142 379
142 389
142 414
142 469
142 487
142 533
142 544
142 564
142 565
142 596
142 696
142 707
142 733
142 774
142 810
142 888
142 896
142 940
142 992
142 1016
143 603
143 682
143 769
143 893
143 947
144 179
144 364
144 404
144 495
144 551
144 681
144 686
144 737
144 850
144 858
145 306
145 447
150 295
151 719
152 310
155 142
155 187
155 206
155 212
155 281
155 288
155 296
155 319
155 345
155 376
155 389
155 412
155 450
155 452
155 469
155 474
155 487
155 505
155 508
155 510
155 516
155 532
155 602
155 669
155 691
155 716
155 730
155 768
156 216
156 224
156 265
156 280
156 310
156 361
156 378
156 412
156 434
156 469
157 210
157 298
157 371
157 378
157 434
157 469
157 479
157 612
157 627
157 756
158 179
158 255
158 409
158 443
158 480
158 497
158 499
158 509
158 536
158 615
158 619
158 627
158 656
158 691
158 700
158 728
158 741
158 756
158 807
158 831
158 888
158 1049
159 201
159 212
159 224
159 265
159 270
159 280
159 310
159 356
159 371
159 382
159 434
159 469
159 487
159 608
163 257
165 257
166 426
166 428
166 429
166 497
166 575
166 772
168 310
168 362
170 208
170 257
170 310
171 179
171 240
171 257
171 306
171 371
171 380
171 413
171 446
171 454
171 469
171 501
171 518
171 645
171 806
171 896
173 229
173 238
173 257
173 260
173 279
173 317
173 321
173 329
173 429
173 435
173 482
173 538
173 573
173 629
173 633
173 691
173 692
173 702
173 764
173 772
173 774
173 793
173 807
173 913
173 918
173 919
173 969
173 992
173 1020
174 257
175 176
175 179
175 204
175 240
175 259
175 289
175 293
175 306
175 367
175 371
175 378
175 418
175 469
175 562
175 564
175 707
175 810
175 821
175 917
175 1042
176 200
176 204
176 205
176 230
176 234
176 240
176 241
176 244
176 257
176 259
176 273
176 277
176 280
176 283
176 293
176 298
176 306
176 322
176 327
176 331
176 341
176 366
176 371
176 378
176 379
176 402
176 413
176 414
176 438
176 469
176 474
176 476
176 479
176 501
176 508
176 562
176 563
176 564
176 565
176 594
176 596
176 599
176 607
176 616
176 642
176 679
176 689
176 727
176 788
176 797
176 798
176 806
176 821
176 822
176 828
176 836
176 845
176 857
176 873
176 886
176 888
176 890
176 892
176 893
176 895
176 896
176 917
176 933
176 935
176 939
176 942
176 943
176 944
176 946
176 967
176 1002
176 1008
176 1018
176 1033
176 1039
176 1049
176 1054
176 1056
177 603
177 771
178 257
178 397
178 410
178 469
178 499
178 719
179 201
179 220
179 229
179 257
179 279
179 293
179 321
179 329
179 378
179 379
179 393
179 415
179 454
179 469
179 470
179 474
179 479
179 497
179 504
179 560
179 578
179 603
179 636
179 646
179 647
179 650
179 652
179 691
179 696
179 699
179 702
179 732
179 733
179 741
179 782
179 810
179 818
179 820
179 821
179 824
179 853
179 868
179 888
179 896
179 936
179 998
179 1004
179 1031
180 257
180 356
180 469
180 491
180 633
180 640
180 656
181 257
181 431
181 469
181 502
181 820
182 306
182 425
182 469
182 502
182 576
182 820
183 225
183 246
183 286
183 318
183 435
183 439
183 628
183 764
184 225
184 231
184 246
184 286
184 302
184 303
184 332
184 555
184 687
184 877
185 257
187 257
187 509
187 627
189 244
189 421
189 469
189 820
189 1016
190 220
190 310
190 365
190 409
190 480
190 497
190 648
190 703
190 843
190 848
190 855
190 881
190 1012
191 224
191 265
191 280
191 310
191 356
191 361
191 371
191 382
191 469
191 487
192 616
192 682
192 889
194 310
194 358
196 247
197 313
201 223
201 224
201 310
201 356
201 361
201 362
202 242
202 681
202 737
202 801
202 850
202 858
203 397
204 240
204 277
204 280
204 293
204 295
204 322
204 367
204 397
204 454
204 469
204 479
204 489
204 501
204 518
204 562
204 563
204 572
204 614
204 645
204 680
204 689
204 796
204 806
204 821
204 845
204 893
204 896
204 967
204 1036
204 1056
205 413
205 421
205 532
205 652
205 691
205 702
205 785
205 809
205 814
205 852
205 1031
206 259
206 281
206 345
206 469
206 487
206 532
206 691
206 878
206 1031
210 370
210 518
212 276
212 574
212 642
212 669
212 678
212 689
212 710
213 254
213 459
213 460
213 569
213 615
213 998
214 201
214 469
214 497
214 700
214 728
215 247
215 279
215 424
215 633
215 691
215 807
215 923
216 310
216 361
216 469
217 225
217 262
217 263
217 275
217 302
217 303
217 316
217 332
217 395
217 555
217 583
217 585
217 687
217 877
217 989
217 1031
218 295
219 241
219 278
219 328
221 295
221 309
221 310
221 359
222 295
222 310
222 359
222 362
223 224
223 295
223 310
223 356
223 357
223 600
224 270
224 295
224 310
224 356
226 220
226 335
227 295
227 306
227 335
228 335
228 370
228 446
229 402
229 782
231 303
231 402
232 1022
233 220
233 273
233 295
233 306
233 329
233 332
233 409
233 418
233 424
233 458
233 460
233 469
233 560
233 636
233 691
233 771
233 773
233 923
233 998
234 271
234 273
234 277
234 295
234 379
234 469
234 508
234 519
234 702
234 718
234 752
234 779
234 888
234 890
234 935
235 295
235 336
235 409
235 445
235 469
235 480
235 569
235 615
235 629
236 273
236 295
236 306
236 329
236 459
236 542
236 560
236 569
236 615
236 812
236 825
236 849
236 905
236 923
236 998
237 295
237 344
237 397
237 422
237 477
237 557
237 596
238 295
238 496
238 581
238 655
238 691
238 888
238 923
238 1000
239 295
239 306
239 469
239 888
240 220
240 277
240 280
240 295
240 306
240 311
240 367
240 371
240 378
240 469
240 479
240 562
240 563
240 596
240 890
240 917
240 935
241 328
241 331
241 397
242 928
243 335
246 286
251 335
252 279
252 335
253 335
253 518
254 295
254 459
254 469
254 542
254 661
254 779
254 821
254 905
255 295
255 310
255 317
255 342
255 374
255 409
255 412
255 419
255 443
255 460
255 469
255 480
255 497
255 521
255 522
255 524
255 531
255 541
255 594
255 615
255 620
255 628
255 661
255 720
255 728
255 779
255 784
255 790
255 830
255 869
255 870
255 891
255 918
255 923
255 938
255 955
255 960
255 961
255 1009
257 310
258 397
258 497
258 529
258 646
258 655
258 664
258 799
259 220
259 280
259 378
259 469
259 479
259 563
259 596
259 599
259 624
259 748
260 424
260 435
260 532
260 581
260 600
260 646
260 652
260 691
260 696
260 699
260 764
260 878
260 978
260 998
260 1001
260 1008
262 225
262 263
262 271
262 275
262 296
262 314
262 316
262 332
262 335
262 347
262 391
262 395
262 405
262 408
262 409
262 412
262 427
262 455
262 464
262 480
262 519
262 526
262 535
262 557
262 574
262 577
262 582
262 597
262 623
262 624
262 626
262 663
262 665
262 712
262 714
262 725
262 738
262 739
262 740
262 745
262 766
262 770
262 784
262 789
262 837
262 861
262 867
262 894
262 918
262 938
262 940
262 955
262 976
262 1046
262 1051
263 225
263 262
263 275
263 395
264 823
265 295
265 397
265 469
265 918
266 335
268 310
268 394
268 413
268 509
268 648
268 721
268 843
268 848
268 881
269 314
269 349
269 876
269 1018
270 310
270 360
270 362
270 432
271 314
271 349
271 718
272 477
274 310
274 356
274 368
275 455
275 510
275 976
276 306
276 361
276 397
276 469
276 528
276 558
276 642
276 688
276 689
276 702
276 937
279 469
279 603
279 774
280 371
280 379
280 414
280 469
280 479
280 563
280 564
280 596
280 599
280 679
280 701
280 710
280 811
280 888
280 890
280 895
280 903
280 906
280 935
280 962
280 1002
280 1007
281 458
281 653
281 855
281 888
285 431
285 469
287 451
287 467
287 997
289 367
289 469
289 707
290 375
290 659
292 400
292 416
292 484
292 551
292 726
292 727
292 775
292 1050
293 378
293 469
293 479
293 563
293 564
294 310
294 358
295 310
296 412
296 435
296 501
296 510
296 519
296 528
296 574
296 579
296 584
296 597
296 624
296 665
296 769
296 779
296 789
296 837
296 1028
298 617
298 819
299 384
299 464
299 523
299 662
300 347
300 391
300 536
300 574
300 721
300 871
301 369
301 393
301 415
301 497
301 538
301 543
301 629
301 631
301 667
301 691
301 696
301 810
301 897
301 913
301 969
301 998
301 1031
302 310
302 497
302 512
302 644
302 647
302 792
302 876
303 402
305 927
306 469
306 702
309 310
309 432
309 460
309 462
310 310
310 356
310 362
310 415
310 497
310 538
312 454
312 518
312 593
312 855
313 397
313 432
314 397
315 354
315 376
315 400
315 440
315 469
315 476
315 478
315 501
315 512
315 519
315 528
315 557
315 563
315 579
315 601
315 604
315 612
315 614
315 618
315 623
315 635
315 636
315 674
315 676
315 677
315 678
315 710
315 732
315 733
315 781
315 821
315 872
315 912
315 922
315 944
315 946
315 1023
316 469
317 432
319 370
319 371
319 397
319 468
319 469
319 528
319 579
319 602
320 397
321 369
321 378
321 397
321 415
321 426
321 429
321 481
321 496
321 497
321 507
321 521
321 532
321 538
321 541
321 543
321 570
321 581
321 600
321 622
321 644
321 691
321 692
321 726
321 793
321 824
321 834
321 859
321 919
321 923
321 1000
321 1001
321 1031
321 1035
322 306
322 702
324 364
324 432
324 446
324 468
324 510
324 641
324 686
325 310
325 401
325 413
325 432
325 600
325 644
325 691
329 432
329 469
329 772
332 691
334 397
334 432
334 615
336 432
336 521
336 615
336 776
336 1052
337 361
337 422
337 432
337 469
337 597
337 821
337 1046
337 1052
338 310
338 315
338 344
338 354
338 356
338 360
338 361
338 368
338 370
338 382
338 397
338 409
338 422
338 427
338 432
338 434
338 440
338 447
338 463
338 467
338 469
338 480
338 483
338 486
338 510
338 511
338 515
338 522
338 527
338 528
338 547
338 563
338 571
338 573
338 582
338 618
338 623
338 625
338 653
338 661
338 715
338 716
338 718
338 727
338 740
338 748
338 753
338 781
338 821
338 836
338 837
338 883
338 926
338 931
338 939
338 949
338 950
338 968
338 976
338 1016
338 1048
338 1053
339 432
339 469
339 597
339 792
339 876
339 951
340 310
340 426
340 432
340 653
340 772
340 953
341 474
341 736
341 742
341 1052
342 402
342 432
342 632
343 310
343 402
343 432
343 469
343 614
343 632
343 732
343 768
343 819
343 837
343 1017
344 310
344 315
344 354
344 356
344 368
344 370
344 397
344 402
344 409
344 422
344 432
344 434
344 440
344 463
344 469
344 480
344 483
344 510
344 515
344 520
344 522
344 528
344 529
344 547
344 563
344 571
344 573
344 574
344 596
344 597
344 598
344 599
344 604
344 618
344 661
344 669
344 705
344 713
344 714
344 716
344 720
344 739
344 740
344 753
344 755
344 781
344 821
344 836
344 837
344 872
344 913
344 926
344 939
344 944
344 950
344 999
344 1048
344 1053
345 346
345 427
345 469
345 487
345 524
345 525
345 532
345 573
345 600
345 691
345 760
345 793
345 807
345 827
345 854
345 876
345 878
345 896
345 913
345 918
345 969
345 979
345 1019
346 368
346 532
346 691
348 502
349 608
350 612
350 723
351 432
352 354
352 432
352 893
356 362
356 431
356 497
356 780
357 356
357 362
358 356
359 356
359 362
360 356
361 356
361 362
362 432
363 397
363 432
363 702
363 717
364 446
364 468
364 506
364 801
365 397
365 469
365 495
365 603
365 658
365 717
365 769
365 771
365 783
365 785
365 893
365 915
367 469
367 479
367 562
367 563
367 599
367 603
367 819
367 822
367 873
367 1056
367 1057
369 397
369 415
369 424
369 426
369 429
369 496
369 497
369 538
369 543
369 559
369 561
369 573
369 581
369 600
369 644
369 655
369 659
369 667
369 691
369 692
369 696
369 726
369 747
369 810
369 824
369 834
369 843
369 888
369 897
369 923
369 936
369 1001
369 1031
370 376
370 400
370 430
370 469
370 478
370 487
370 544
370 584
370 597
370 716
370 725
370 888
370 937
370 949
370 1017
370 1037
371 397
371 469
371 479
371 487
371 573
371 584
371 603
371 614
371 679
371 726
371 727
371 733
371 796
371 797
371 800
371 811
371 823
371 828
371 888
371 890
371 895
371 896
371 903
371 906
371 935
371 937
371 1002
371 1056
372 468
372 495
375 504
375 532
375 621
375 644
378 469
378 479
378 563
378 596
378 603
378 624
378 781
378 796
379 414
379 469
379 642
379 679
379 682
379 689
379 774
379 800
379 845
379 855
379 933
383 419
383 434
383 467
383 469
383 510
383 529
383 579
383 597
383 709
383 716
383 720
383 725
383 753
383 779
383 821
383 836
383 869
383 872
383 894
383 938
383 971
383 1032
383 1046
384 521
384 523
384 580
384 662
384 763
384 776
385 469
385 574
385 578
385 756
385 941
388 460
388 469
389 397
389 422
389 469
389 478
389 582
389 678
389 710
389 716
389 753
391 412
391 422
391 615
392 368
393 368
393 415
393 423
393 426
393 429
393 430
393 467
393 488
393 496
393 497
393 517
393 521
393 534
393 536
393 538
393 539
393 541
393 543
393 561
393 573
393 591
393 596
393 612
393 628
393 629
393 631
393 667
393 691
393 730
393 741
393 767
393 772
393 814
393 824
393 834
393 843
393 859
393 864
393 878
393 961
393 974
393 989
393 992
393 998
393 1031
396 862
397 917
399 923
401 691
401 888
402 702
403 468
403 551
403 659
403 696
403 737
403 768
403 775
403 888
403 1002
404 935
406 481
406 594
406 629
406 726
406 818
406 897
406 984
409 469
409 480
409 569
409 584
409 597
409 605
409 610
409 629
409 661
409 704
409 709
409 719
409 779
409 785
409 812
409 825
409 835
409 836
409 837
409 849
409 868
409 888
409 923
409 951
409 975
409 996
409 998
409 1002
409 1010
409 1028
410 454
410 469
410 502
410 518
410 653
410 773
410 820
411 396
411 437
411 449
411 453
411 468
411 469
411 478
411 481
411 490
411 493
411 494
411 498
411 500
411 506
411 544
411 550
411 559
411 570
411 644
411 651
411 672
411 690
411 746
411 755
411 808
411 818
411 819
411 844
411 846
411 851
411 862
411 872
411 889
411 898
411 900
411 901
411 929
411 944
411 948
411 1014
411 1017
411 1030
411 1034
411 1038
412 469
412 474
412 476
412 615
412 849
413 644
413 653
413 699
413 956
413 963
414 469
414 679
414 682
414 722
414 797
414 800
414 845
414 855
419 469
419 661
420 460
420 461
420 513
420 711
420 744
420 751
421 1047
422 469
422 510
422 520
422 528
422 573
422 582
422 626
422 665
422 747
422 771
422 781
422 811
422 836
422 917
423 534
423 654
423 772
423 924
423 975
424 462
424 481
424 529
424 573
424 622
424 691
424 692
424 824
424 923
424 1001
424 1035
426 427
426 428
426 429
426 429
426 430
426 474
426 517
426 525
426 539
426 573
426 772
426 834
426 864
426 870
426 924
426 1031
427 520
427 529
427 573
427 772
427 924
428 772
428 1031
429 521
429 524
429 605
429 772
429 799
429 805
429 818
429 870
429 918
429 924
429 989
429 1000
429 1031
430 712
430 772
430 1031
431 469
431 476
431 689
433 444
433 476
433 479
433 606
433 722
433 733
433 781
433 823
433 895
433 962
433 991
433 1056
434 465
434 469
434 476
434 480
434 528
434 579
434 597
434 716
434 748
434 753
434 779
434 835
434 836
434 938
434 1046
437 862
443 807
443 915
444 473
444 474
444 518
444 599
444 606
444 645
444 653
444 725
444 781
444 782
444 803
444 804
444 845
444 1008
445 469
445 671
446 468
446 801
446 858
446 1027
447 641
447 683
447 686
447 836
447 857
447 858
447 917
447 928
447 977
447 1026
448 695
448 771
449 469
449 490
449 544
449 637
449 638
449 659
449 690
449 844
450 524
450 1019
451 997
453 468
453 490
453 500
453 544
453 808
453 844
453 846
453 862
453 898
453 948
453 1034
453 1038
455 709
458 469
458 524
458 793
458 812
458 825
460 462
460 469
460 613
460 717
460 719
460 837
461 513
461 653
461 711
461 744
461 751
462 613
462 647
462 717
462 755
462 790
462 897
462 971
462 972
463 757
464 541
465 597
465 836
466 545
466 611
466 628
466 653
466 807
468 641
468 862
469 542
469 562
469 564
469 599
469 603
469 605
469 610
469 615
469 632
469 639
469 645
469 650
469 658
469 671
469 675
469 688
469 691
469 695
469 702
469 719
469 732
469 733
469 766
469 769
469 773
469 779
469 786
469 797
469 798
469 817
469 819
469 820
469 822
469 824
469 836
469 845
469 849
469 853
469 855
469 862
469 873
469 892
469 893
469 896
469 903
469 905
469 911
469 941
469 947
469 960
469 967
469 981
469 986
469 1003
469 1007
469 1008
469 1024
469 1031
469 1035
469 1055
469 1056
469 1057
473 804
474 645
474 820
474 991
475 1056
476 774
476 826
477 691
478 741
478 845
478 862
479 563
479 603
479 774
479 895
479 903
479 962
481 691
484 694
485 477
486 996
486 999
488 797
489 593
489 642
489 689
489 797
489 855
490 672
490 690
490 844
490 846
490 862
490 929
490 948
493 490
493 733
493 746
493 844
493 862
493 1017
495 551
495 620
495 681
495 683
495 696
495 698
495 726
495 737
495 769
495 801
495 850
495 858
495 999
496 569
496 600
496 646
496 691
496 692
496 726
496 824
496 888
496 923
496 1000
496 1001
496 1031
497 543
497 594
497 620
497 644
497 647
497 648
497 649
497 667
497 679
497 691
497 708
497 722
497 726
497 728
497 762
497 771
497 797
497 805
497 812
497 821
497 825
497 834
497 843
497 848
497 855
497 856
497 859
497 864
497 881
497 887
497 888
497 913
497 917
497 936
497 941
497 969
497 992
497 998
497 1005
497 1013
497 1020
497 1031
498 490
498 544
498 672
498 808
498 845
498 846
498 862
498 898
498 901
498 948
498 1038
500 544
500 644
500 808
500 851
500 862
500 898
500 948
500 1034
500 1038
501 563
501 645
501 845
501 895
501 933
502 653
502 731
504 621
506 862
510 577
510 582
510 626
510 665
510 829
510 861
510 918
513 744
513 751
516 481
516 753
517 615
517 702
517 849
518 469
518 474
518 557
518 599
518 603
518 605
518 625
518 645
518 656
518 682
518 717
518 783
518 803
518 821
518 892
519 709
520 510
520 573
520 577
520 626
520 918
521 520
521 541
521 580
521 961
522 615
522 821
524 520
524 573
524 581
524 655
524 656
524 659
524 696
524 740
524 757
524 766
524 768
524 787
524 805
524 807
524 827
524 870
524 882
524 897
524 905
524 918
524 924
524 936
524 960
524 961
524 969
524 989
525 510
525 573
525 577
525 626
525 805
525 827
525 869
525 913
525 918
525 921
526 626
527 626
527 838
528 579
528 779
528 837
528 873
529 524
531 582
531 713
532 469
532 620
532 691
532 702
532 862
532 893
532 989
532 1031
534 772
534 923
534 924
535 568
535 697
535 775
535 781
535 876
535 944
535 949
535 1019
536 614
536 619
536 700
536 741
536 752
536 816
536 827
536 1018
537 691
537 963
538 543
538 667
538 834
538 864
539 543
539 620
539 653
539 953
539 961
540 723
542 844
544 651
544 808
544 819
544 846
544 860
544 862
544 898
544 1038
550 862
550 1017
551 681
557 725
557 781
557 783
557 845
558 697
559 726
559 735
559 772
559 862
560 726
560 853
560 904
560 923
561 647
561 888
561 1002
561 1007
562 800
562 845
562 896
562 906
562 990
562 1018
563 562
563 564
563 603
563 609
563 660
563 671
563 726
563 733
563 757
563 769
563 773
563 779
563 797
563 798
563 806
563 811
563 821
563 822
563 845
563 873
563 878
563 886
563 888
563 890
563 893
563 895
563 896
563 903
563 906
563 907
563 916
563 917
563 935
563 939
563 942
563 943
563 946
563 962
563 988
563 990
563 996
563 1002
563 1008
563 1018
563 1023
563 1032
563 1039
563 1041
563 1055
563 1056
564 562
564 563
564 726
564 797
564 806
564 821
564 822
564 845
564 888
564 890
564 896
564 917
564 928
564 935
564 946
564 1008
564 1033
565 562
565 563
565 726
565 797
565 845
565 855
565 888
565 890
565 935
565 946
566 562
566 563
566 564
566 689
566 726
566 797
566 823
566 895
566 962
567 708
567 888
568 697
569 645
570 862
573 626
573 740
573 749
573 811
573 870
573 871
573 918
573 936
573 941
574 640
574 922
575 656
575 805
577 582
577 663
577 665
577 789
577 861
578 888
579 779
579 845
579 1032
581 691
581 888
582 625
582 663
582 665
582 713
582 740
582 829
584 667
584 708
593 689
593 797
593 855
597 712
597 714
597 716
597 718
597 725
597 748
597 753
597 768
597 791
597 803
597 836
597 845
597 872
597 873
597 894
597 917
597 924
597 936
597 938
597 944
597 950
597 955
597 966
597 970
597 971
597 997
597 999
597 1002
597 1011
597 1033
597 1050
598 678
598 710
598 714
598 716
598 725
598 748
598 753
598 791
598 845
598 873
598 888
598 894
598 924
598 936
598 944
598 950
598 972
598 996
598 1007
598 1011
599 650
599 658
599 708
599 773
599 783
599 797
599 821
599 822
599 836
599 845
599 873
599 888
599 916
599 1002
599 1007
599 1011
600 691
600 1031
603 650
603 658
603 726
603 769
603 773
603 779
603 810
603 821
603 845
603 893
603 903
603 947
603 1032
603 1036
604 634
605 880
605 962
610 766
610 992
612 647
612 755
612 816
613 653
613 655
613 716
613 717
613 897
613 923
613 972
614 716
614 845
614 1046
615 849
616 656
616 700
616 888
618 821
619 700
619 728
622 691
622 708
622 757
622 810
622 834
622 1001
622 1031
623 1046
624 748
624 902
625 663
625 665
625 713
625 740
626 665
626 781
626 829
626 861
627 756
628 805
628 923
628 936
628 963
628 992
628 1018
628 1031
630 760
630 779
630 845
641 672
641 850
641 1027
642 845
644 845
644 862
645 699
645 708
645 786
645 803
645 806
645 811
645 895
645 1007
645 1018
646 691
646 708
646 772
646 820
646 834
647 888
648 728
648 805
648 833
648 843
648 848
648 881
648 998
649 732
653 820
653 1047
654 703
654 734
654 735
654 868
654 1045
655 703
655 734
655 735
655 868
655 1045
656 703
656 734
656 735
656 868
656 1045
657 703
657 734
657 868
657 960
657 1045
659 696
661 845
661 923
663 713
664 726
665 828
665 918
668 636
668 905
671 672
672 733
672 857
673 975
679 800
679 845
680 746
680 845
681 737
681 905
682 785
684 996
686 928
689 845
689 896
690 755
690 846
690 889
690 948
691 765
691 766
691 772
691 801
691 824
691 834
691 843
691 850
691 858
691 859
691 878
691 902
691 941
691 998
691 1031
692 691
692 824
692 1035
694 726
695 771
695 888
696 730
696 768
696 775
696 810
696 814
696 853
696 888
696 936
700 1009
702 896
703 776
703 960
703 1045
709 725
709 745
709 755
709 779
709 789
709 791
709 798
709 845
709 894
709 938
709 1028
709 1046
710 677
710 725
710 726
710 746
710 775
710 781
710 836
710 845
710 896
710 925
710 944
710 965
710 1017
711 726
711 915
712 845
712 966
712 970
712 1012
713 726
713 754
713 831
713 845
713 853
713 914
714 725
714 739
714 781
714 789
714 845
714 911
714 916
714 938
714 1028
715 964
715 1028
716 753
716 836
717 771
717 785
717 915
718 778
718 845
720 769
720 819
720 838
720 997
725 779
725 783
725 791
725 845
725 867
725 879
725 894
725 926
725 997
726 765
726 834
726 860
726 938
726 998
726 1018
727 845
727 888
727 890
727 896
727 917
727 935
727 1046
727 1049
728 765
728 853
728 888
728 923
728 998
730 814
730 878
730 936
730 992
730 1020
730 1031
732 811
732 819
732 845
732 893
732 894
732 916
733 819
733 1056
739 745
739 779
739 784
739 791
739 813
739 845
739 1032
740 754
740 811
740 829
740 838
740 845
740 884
740 961
744 790
744 953
745 791
745 845
745 1028
746 845
746 872
746 912
746 932
746 944
746 1002
746 1053
748 836
748 845
748 902
751 763
752 888
752 1005
753 845
753 968
754 829
754 836
755 888
755 889
760 979
764 818
765 805
766 806
766 820
766 821
766 845
766 918
768 775
768 791
768 845
768 888
768 924
768 936
768 972
768 996
768 999
768 1031
768 1057
769 845
769 873
769 893
769 947
769 1017
769 1032
770 1046
774 845
774 927
774 933
775 845
775 872
775 912
776 884
778 845
779 845
779 873
779 1032
781 845
782 888
782 996
782 1008
783 845
784 813
784 1012
785 915
789 845
789 896
789 1028
790 830
790 871
790 891
790 914
790 923
790 971
790 1009
790 1010
792 876
792 882
792 1019
793 882
793 923
793 936
793 1000
794 879
797 845
800 845
800 896
801 928
801 944
801 1027
803 845
805 856
805 963
806 845
806 888
806 890
806 896
806 933
806 935
806 951
808 819
808 844
808 846
808 898
808 901
808 929
808 948
808 1034
810 996
810 1002
811 845
811 916
811 1007
812 887
813 845
813 888
813 1051
818 905
818 918
818 1000
819 845
819 940
819 1017
819 1031
819 1056
819 1057
820 845
820 922
821 845
821 922
821 951
825 887
828 845
828 867
830 843
830 1012
833 843
833 881
833 909
833 938
833 998
834 843
834 859
834 864
834 917
834 960
834 998
834 1031
835 966
836 917
840 884
840 909
840 980
840 982
843 1012
844 1003
845 997
845 1002
845 1018
845 1020
845 1031
845 1056
845 1057
846 925
846 948
846 949
846 1014
846 1034
846 1038
848 910
848 920
848 961
853 1052
856 963
856 1019
857 845
857 907
857 912
857 942
857 944
857 1018
857 1046
858 902
858 928
858 1027
859 888
859 923
859 1031
860 918
862 948
862 1031
864 1031
865 910
865 910
869 1046
870 913
870 918
870 919
870 924
870 1018
870 1057
871 918
871 924
872 845
872 912
872 922
872 932
872 944
872 949
872 966
872 970
872 1002
880 975
881 998
882 979
882 1031
882 1057
884 961
884 1025
886 1016
890 935
890 1002
890 1007
893 997
893 1032
894 938
894 971
894 996
894 1028
894 1046
895 962
895 1018
896 890
896 932
896 946
896 967
896 990
896 991
896 1002
896 1018
896 1023
896 1031
896 1032
896 1033
896 1049
896 1052
896 1056
896 1057
897 1035
898 948
898 1034
899 1035
901 929
902 996
902 1028
902 1032
909 910
909 961
910 884
910 961
910 1025
910 1029
911 996
911 1002
912 922
912 966
912 970
912 1002
913 920
913 969
915 998
916 1002
916 1039
918 992
918 1000
923 1031
923 1057
925 949
925 1017
932 1002
932 1033
935 1007
935 1028
936 1018
936 1031
938 955
938 971
938 996
938 1002
938 1033
938 1046
942 1002
944 949
944 994
944 1002
944 1016
944 1027
944 1033
948 1020
948 1034
948 1038
949 1017
949 1054
961 1058
963 980
963 1012
966 970
967 1056
968 1053
970 971
992 1020
994 1016
1007 1002
1009 1051
